1675407197796 22.789409637451172 0
1675407197820 21.790491104125977 1
1675407197844 20.911222457885742 2
1675407197867 20.100311279296875 3
1675407197890 19.31139373779297 4
1675407197912 18.48301887512207 5
1675407197933 17.677108764648438 6
1675407197953 16.878324508666992 7
1675407197973 16.088926315307617 8
1675407197993 15.27213191986084 9
1675407198013 14.480929374694824 10
1675407198033 13.703299522399902 11
1675407198053 12.927722930908203 12
1675407198072 12.229212760925293 13
1675407198092 11.561598777770996 14
1675407198111 10.88282299041748 15
1675407198130 10.24803352355957 16
1675407198149 9.561203002929688 17
1675407198169 8.92394733428955 18
1675407198188 8.298349380493164 19
1675407198208 7.68192720413208 20
1675407198228 7.08457088470459 21
1675407198248 6.442734718322754 22
1675407198267 5.852147102355957 23
1675407198286 5.312057018280029 24
1675407198306 4.799051284790039 25
1675407198325 4.298193454742432 26
1675407198344 3.8537840843200684 27
1675407198363 3.5063140392303467 28
1675407198382 3.182469367980957 29
1675407198402 2.9384450912475586 30
1675407198422 2.803830623626709 31
1675407198442 2.7308058738708496 32
1675407198461 2.6110854148864746 33
1675407198481 2.551501989364624 34
1675407198500 2.5112802982330322 35
1675407198520 2.498758316040039 36
1675407198540 2.479261636734009 37
1675407198560 2.4819624423980713 38
1675407198580 2.4809858798980713 39
1675407198600 2.473414659500122 40
1675407198620 2.4889962673187256 41
1675407198640 2.492892026901245 42
1675407198660 2.492063522338867 43
1675407198680 2.4887688159942627 44
1675407198701 2.500925064086914 45
1675407198720 2.4770729541778564 46
1675407198739 2.4732532501220703 47
1675407198758 2.4717485904693604 48
1675407198778 2.514029026031494 49
1675407198797 2.6248602867126465 50
1675407198818 2.4972681999206543 51
1675407198838 2.503763198852539 52
1675407198857 2.5670578479766846 53
1675407198877 2.5012991428375244 54
1675407198897 2.5429275035858154 55
1675407198916 2.476986885070801 56
1675407198935 2.4807558059692383 57
1675407198954 2.477809429168701 58
1675407198973 2.4688332080841064 59
1675407198992 2.4708616733551025 60
1675407199012 2.4833195209503174 61
1675407199031 2.468877077102661 62
1675407199052 2.472609043121338 63
1675407199071 2.46856427192688 64
1675407199090 2.4829318523406982 65
1675407199109 2.4896998405456543 66
1675407199128 2.485952377319336 67
1675407199147 2.4845712184906006 68
1675407199166 2.4744699001312256 69
1675407199185 2.480754852294922 70
1675407199204 2.495858669281006 71
1675407199223 2.4650211334228516 72
1675407199242 2.5130865573883057 73
1675407199261 2.4838647842407227 74
1675407199279 2.4789950847625732 75
1675407199299 2.471381902694702 76
1675407199319 2.4800119400024414 77
1675407199338 2.467069387435913 78
1675407199357 2.466233968734741 79
1675407199377 2.521850347518921 80
1675407199396 2.4902820587158203 81
1675407199415 2.4633569717407227 82
1675407199434 2.479973554611206 83
1675407199453 2.4732463359832764 84
1675407199472 2.480376720428467 85
1675407199491 2.4708831310272217 86
1675407199510 2.510395050048828 87
1675407199529 2.5276870727539062 88
1675407199548 2.502535581588745 89
1675407199567 2.4931392669677734 90
1675407199586 2.472336769104004 91
1675407199605 2.4799675941467285 92
1675407199624 2.4825267791748047 93
1675407199643 2.481048822402954 94
1675407199662 2.471104383468628 95
1675407199681 2.4687020778656006 96
1675407199700 2.479198932647705 97
1675407199719 2.515061616897583 98
1675407199738 2.524613618850708 99
