1675407532796 22.42688751220703 0
1675407532819 21.690105438232422 1
1675407532840 20.820390701293945 2
1675407532861 19.763362884521484 3
1675407532882 18.392728805541992 4
1675407532903 16.708187103271484 5
1675407532925 15.054619789123535 6
1675407532946 13.184717178344727 7
1675407532967 11.208196640014648 8
1675407532988 8.797914505004883 9
1675407533009 6.412197113037109 10
1675407533029 5.377323150634766 11
1675407533049 4.935827255249023 12
1675407533068 4.333889961242676 13
1675407533088 3.9308855533599854 14
1675407533108 3.6335160732269287 15
1675407533127 3.445266008377075 16
1675407533147 3.243931770324707 17
1675407533167 3.0637261867523193 18
1675407533187 2.9411232471466064 19
1675407533207 2.8188066482543945 20
1675407533228 2.7199409008026123 21
1675407533248 2.626818895339966 22
1675407533267 2.5462193489074707 23
1675407533287 2.4564199447631836 24
1675407533306 2.4023563861846924 25
1675407533326 2.3200173377990723 26
1675407533347 2.2569539546966553 27
1675407533369 2.198525905609131 28
1675407533389 2.145573139190674 29
1675407533409 2.1128249168395996 30
1675407533429 2.093383312225342 31
1675407533448 2.0519304275512695 32
1675407533469 2.0488436222076416 33
1675407533490 2.0090785026550293 34
1675407533510 1.9969218969345093 35
1675407533529 1.970637559890747 36
1675407533549 1.9741597175598145 37
1675407533569 1.943371057510376 38
1675407533589 1.9584072828292847 39
1675407533608 1.9153213500976562 40
1675407533628 1.9047513008117676 41
1675407533649 1.9031428098678589 42
1675407533669 1.8892076015472412 43
1675407533688 1.8699297904968262 44
1675407533708 1.8637616634368896 45
1675407533728 1.8527002334594727 46
1675407533748 1.8604239225387573 47
1675407533767 1.835458517074585 48
1675407533788 1.835121989250183 49
1675407533810 1.844934344291687 50
1675407533832 1.8290362358093262 51
1675407533855 1.8143913745880127 52
1675407533876 1.8112062215805054 53
1675407533898 1.8047457933425903 54
1675407533920 1.8044687509536743 55
1675407533942 1.7889366149902344 56
1675407533964 1.7930614948272705 57
1675407533986 1.7915326356887817 58
1675407534007 1.7757872343063354 59
1675407534029 1.777322769165039 60
1675407534050 1.7646429538726807 61
1675407534070 1.7707303762435913 62
1675407534089 1.7535377740859985 63
1675407534109 1.7584432363510132 64
1675407534128 1.7489018440246582 65
1675407534149 1.7494029998779297 66
1675407534169 1.761098861694336 67
1675407534188 1.7486871480941772 68
1675407534208 1.7413302659988403 69
1675407534228 1.722419023513794 70
1675407534248 1.7435412406921387 71
1675407534268 1.7328494787216187 72
1675407534287 1.724180817604065 73
1675407534307 1.7203748226165771 74
1675407534326 1.7300469875335693 75
1675407534346 1.737752914428711 76
1675407534366 1.730360984802246 77
1675407534387 1.6917839050292969 78
1675407534408 1.693539023399353 79
1675407534428 1.697911024093628 80
1675407534448 1.6941423416137695 81
1675407534467 1.6973901987075806 82
1675407534487 1.7526054382324219 83
1675407534506 1.7166465520858765 84
1675407534526 1.6674057245254517 85
1675407534546 1.6909520626068115 86
1675407534565 1.6867541074752808 87
1675407534584 1.6794371604919434 88
1675407534604 1.6811273097991943 89
1675407534623 1.662737250328064 90
1675407534643 1.6561329364776611 91
1675407534662 1.6554503440856934 92
1675407534681 1.65314781665802 93
1675407534701 1.6456809043884277 94
1675407534720 1.6582554578781128 95
1675407534740 1.6426712274551392 96
1675407534759 1.6446757316589355 97
1675407534779 1.6730536222457886 98
1675407534799 1.6798086166381836 99
