1675423367689 23.082563400268555 0
1675423367702 22.48218536376953 1
1675423367716 21.82605743408203 2
1675423367730 21.03391456604004 3
1675423367743 20.062746047973633 4
1675423367756 18.801050186157227 5
1675423367768 17.39004898071289 6
1675423367781 15.917828559875488 7
1675423367794 14.125861167907715 8
1675423367806 11.682499885559082 9
1675423367819 8.64754867553711 10
1675423367831 5.494536876678467 11
1675423367844 4.208075523376465 12
1675423367856 3.479591131210327 13
1675423367868 2.8590433597564697 14
1675423367880 2.6687777042388916 15
1675423367892 2.5454959869384766 16
1675423367905 2.438434362411499 17
1675423367917 2.3592889308929443 18
1675423367929 2.2922005653381348 19
1675423367941 2.2444570064544678 20
1675423367953 2.2030014991760254 21
1675423367966 2.139465093612671 22
1675423367978 2.1151909828186035 23
1675423367991 2.0828607082366943 24
1675423368003 2.028205633163452 25
1675423368015 2.020056962966919 26
1675423368028 1.9827035665512085 27
1675423368040 1.9770362377166748 28
1675423368052 1.9772332906723022 29
1675423368065 1.9634628295898438 30
1675423368077 1.9539134502410889 31
1675423368089 1.9301984310150146 32
1675423368101 1.969636082649231 33
1675423368113 1.9123061895370483 34
1675423368125 1.9019235372543335 35
1675423368137 1.9087438583374023 36
1675423368149 1.8806309700012207 37
1675423368160 1.8717306852340698 38
1675423368172 1.8826957941055298 39
1675423368184 1.8650381565093994 40
1675423368195 1.8464761972427368 41
1675423368207 1.8449070453643799 42
1675423368219 1.8520886898040771 43
1675423368230 1.8431010246276855 44
1675423368244 1.857740879058838 45
1675423368259 1.821469783782959 46
1675423368270 1.8567885160446167 47
1675423368281 1.8494510650634766 48
1675423368293 1.8094369173049927 49
1675423368305 1.8022016286849976 50
1675423368316 1.8001089096069336 51
1675423368328 1.7963720560073853 52
1675423368342 1.843165397644043 53
1675423368354 1.7888129949569702 54
1675423368366 1.8253506422042847 55
1675423368378 1.7821608781814575 56
1675423368390 1.7901055812835693 57
1675423368402 1.8015447854995728 58
1675423368414 1.7793960571289062 59
1675423368426 1.7991595268249512 60
1675423368439 1.7685836553573608 61
1675423368452 1.7675870656967163 62
1675423368465 1.7975318431854248 63
1675423368477 1.7626389265060425 64
1675423368490 1.7666771411895752 65
1675423368502 1.765953779220581 66
1675423368514 1.7532106637954712 67
1675423368527 1.767108678817749 68
1675423368539 1.7652900218963623 69
1675423368551 1.7672725915908813 70
1675423368563 1.7477011680603027 71
1675423368575 1.756332278251648 72
1675423368587 1.735514760017395 73
1675423368600 1.7402944564819336 74
1675423368613 1.7488880157470703 75
1675423368625 1.7288765907287598 76
1675423368637 1.7549995183944702 77
1675423368649 1.7473769187927246 78
1675423368661 1.7220152616500854 79
1675423368673 1.7664892673492432 80
1675423368684 1.7396693229675293 81
1675423368696 1.7264987230300903 82
1675423368708 1.7278834581375122 83
1675423368720 1.737797737121582 84
1675423368732 1.7228777408599854 85
1675423368744 1.7108943462371826 86
1675423368756 1.7346608638763428 87
1675423368768 1.7120786905288696 88
1675423368780 1.7322146892547607 89
1675423368791 1.7452818155288696 90
1675423368803 1.7038838863372803 91
1675423368815 1.7232801914215088 92
1675423368826 1.7251498699188232 93
1675423368838 1.7138243913650513 94
1675423368850 1.6969873905181885 95
1675423368862 1.71107816696167 96
1675423368873 1.7119526863098145 97
1675423368885 1.7419705390930176 98
1675423368896 1.7481887340545654 99
