1675427340273 23.289348602294922 0
1675427340286 22.792030334472656 1
1675427340300 22.267854690551758 2
1675427340313 21.666385650634766 3
1675427340326 20.9302978515625 4
1675427340338 19.97077751159668 5
1675427340351 18.713001251220703 6
1675427340363 17.092575073242188 7
1675427340376 15.3748197555542 8
1675427340388 13.45655632019043 9
1675427340401 11.125069618225098 10
1675427340413 8.254378318786621 11
1675427340425 6.271663188934326 12
1675427340437 5.1578874588012695 13
1675427340449 4.225451946258545 14
1675427340460 3.462857961654663 15
1675427340472 3.1427438259124756 16
1675427340484 2.9450981616973877 17
1675427340496 2.8149096965789795 18
1675427340508 2.7398812770843506 19
1675427340520 2.6409518718719482 20
1675427340531 2.5852081775665283 21
1675427340544 2.509777307510376 22
1675427340555 2.4605753421783447 23
1675427340567 2.41762375831604 24
1675427340579 2.363969326019287 25
1675427340590 2.3193321228027344 26
1675427340603 2.2859110832214355 27
1675427340615 2.256937026977539 28
1675427340627 2.2313787937164307 29
1675427340638 2.2066471576690674 30
1675427340650 2.18245005607605 31
1675427340661 2.1630630493164062 32
1675427340673 2.1337013244628906 33
1675427340684 2.1114909648895264 34
1675427340696 2.1046392917633057 35
1675427340708 2.0787806510925293 36
1675427340720 2.0823466777801514 37
1675427340731 2.082984447479248 38
1675427340743 2.0937256813049316 39
1675427340754 2.053524971008301 40
1675427340766 2.0325393676757812 41
1675427340777 2.0348703861236572 42
1675427340789 2.0325822830200195 43
1675427340801 2.012794017791748 44
1675427340812 2.0059022903442383 45
1675427340824 2.009063243865967 46
1675427340836 2.0068814754486084 47
1675427340847 1.9985405206680298 48
1675427340859 1.9919685125350952 49
1675427340871 1.9922621250152588 50
1675427340883 1.9852598905563354 51
1675427340895 1.9794824123382568 52
1675427340909 2.005342721939087 53
1675427340928 2.009181261062622 54
1675427340944 2.0134100914001465 55
1675427340956 2.0061604976654053 56
1675427340968 1.9839345216751099 57
1675427340980 1.9541484117507935 58
1675427340991 1.9565833806991577 59
1675427341004 1.9591485261917114 60
1675427341017 1.9441955089569092 61
1675427341031 1.9567182064056396 62
1675427341044 1.9443825483322144 63
1675427341056 1.9359526634216309 64
1675427341069 1.9292166233062744 65
1675427341083 1.9378865957260132 66
1675427341096 1.917910099029541 67
1675427341109 1.911249041557312 68
1675427341122 1.9215375185012817 69
1675427341136 1.9023674726486206 70
1675427341151 1.9049125909805298 71
1675427341165 1.907407283782959 72
1675427341177 1.9219703674316406 73
1675427341190 1.9425867795944214 74
1675427341204 1.9123505353927612 75
1675427341217 1.9032208919525146 76
1675427341231 1.895562767982483 77
1675427341243 1.8880836963653564 78
1675427341257 1.8826932907104492 79
1675427341270 1.8809056282043457 80
1675427341284 1.880107045173645 81
1675427341297 1.8840607404708862 82
1675427341309 1.8694636821746826 83
1675427341322 1.8987548351287842 84
1675427341336 1.918800950050354 85
1675427341349 1.891067624092102 86
1675427341362 1.92147696018219 87
1675427341374 1.8897840976715088 88
1675427341387 1.8598130941390991 89
1675427341400 1.8672611713409424 90
1675427341411 1.8647974729537964 91
1675427341423 1.8541072607040405 92
1675427341435 1.8569782972335815 93
1675427341447 1.86994469165802 94
1675427341459 1.8473128080368042 95
1675427341470 1.8524953126907349 96
1675427341482 1.8603103160858154 97
1675427341495 1.8724781274795532 98
1675427341506 1.8571208715438843 99
